00000110101011101110001110011101
00000000000000000000000000001110
00000110101011101110001110011101
00000110101011101110001110011101
00000110101011101110001110011101
00000110101011101110001110011101
00000000000000000000000000001010
00000110101011101110001110011101
00000110101011101110001110011101
00000110101011101110001110011101
00000110101011101110001110011101
00000110101011101110001110011101
00000110101011101110001110011101
00000110101011101110001110011101
00000110101011101110001110011101
00000110101011101110001110011101
00000110101011101110001110011101
00000110101011101110001110011101
00000110101011101110001110011101
00000110101011101110001110011101
00000110101011101110001110011101
00000000000000000000000000001010
00000110101011101110001110011101
00000110101011101110001110011101
00000110101011101110001110011101
00000110101011101110001110011101
00000110101011101110001110011101
00000110101011101110001110011101
00000110101011101110001110011101
00000110101011101110001110011101
00000110101011101110001110011101
00000110101011101110001110011101
00000110101011101110001110011101
00000110101011101110001110011101
00000110101011101110001110011101
00000110101011101110001110011101
00000110101011101110001110011101
00000110101011101110001110011101
00000110101011101110001110011101
00000110101011101110001110011101
00000110101011101110001110011101
00000110101011101110001110011101
00000110101011101110001110011101
00000110101011101110001110011101
00000110101011101110001110011101
00000110101011101110001110011101
00000110101011101110001110011101
00000110101011101110001110011101
00000110101011101110001110011101
00000110101011101110001110011101
00000110101011101110001110011101
