00000000
00000000
00100100
10000011
00000000
00010000
00101001
00000011
00000000
00000000
00001010
00110111
00000001
00100100
11111001
10110011
00000001
00111001
00001000
01100011
00000000
00011001
00011010
10010011
00000000
00001010
10001001
00110011
00000000
11000000
00001001
11100111
00000000
01011001
00011010
10010011
00000000
00001010
10001001
00110011
00000000
00011010
00001011
00010011
00000001
01100000
00001010
00110011
00000000
11000000
00001001
11100111
